1.989105224609375000e+02 5.082854003906250000e+02
2.065963134765625000e+02 5.825650634765625000e+02
2.179591674804687500e+02 6.485814819335937500e+02
2.324741210937500000e+02 7.140283813476562500e+02
2.558480834960937500e+02 7.906414184570312500e+02
3.017854614257812500e+02 8.552278442382812500e+02
3.609783935546875000e+02 8.986347656250000000e+02
4.266642456054687500e+02 9.389009399414062500e+02
5.156871948242187500e+02 9.580391235351562500e+02
5.978264770507812500e+02 9.350382080078125000e+02
6.427188110351562500e+02 8.933955688476562500e+02
6.805816040039062500e+02 8.503640747070312500e+02
7.125441284179687500e+02 7.891399536132812500e+02
7.272261352539062500e+02 7.148192138671875000e+02
7.357238159179687500e+02 6.502640991210937500e+02
7.435762329101562500e+02 5.835825805664062500e+02
7.478241577148437500e+02 5.081542358398437500e+02
2.861818237304687500e+02 4.248359985351562500e+02
3.218003540039062500e+02 3.912455444335937500e+02
3.680939331054687500e+02 3.803378295898437500e+02
4.130556030273437500e+02 3.854418334960937500e+02
4.527366333007812500e+02 4.008823852539062500e+02
6.056959838867187500e+02 4.047494506835937500e+02
6.404053344726562500e+02 3.894030151367187500e+02
6.778826293945312500e+02 3.827288208007812500e+02
7.131906127929687500e+02 3.949968872070312500e+02
7.339303588867187500e+02 4.276143188476562500e+02
5.301781616210937500e+02 4.823272094726562500e+02
5.353197631835937500e+02 5.307999267578125000e+02
5.404762573242187500e+02 5.803298950195312500e+02
5.411605834960937500e+02 6.230114746093750000e+02
4.783444213867187500e+02 6.673253784179687500e+02
5.025571289062500000e+02 6.688226928710937500e+02
5.317632446289062500e+02 6.710883178710937500e+02
5.581486206054687500e+02 6.689268188476562500e+02
5.758569946289062500e+02 6.679787597656250000e+02
3.454153442382812500e+02 4.855348510742187500e+02
3.756419067382812500e+02 4.655415649414062500e+02
4.130747680664062500e+02 4.650599365234375000e+02
4.452850952148437500e+02 4.863912353515625000e+02
4.163370361328125000e+02 4.958015747070312500e+02
3.760854492187500000e+02 4.971237792968750000e+02
5.932560424804687500e+02 4.869535522460937500e+02
6.273859252929687500e+02 4.661749267578125000e+02
6.633510131835937500e+02 4.676367187500000000e+02
6.838903198242187500e+02 4.882224121093750000e+02
6.601304321289062500e+02 4.976864624023437500e+02
6.236212768554687500e+02 4.957432861328125000e+02
4.190081176757812500e+02 7.625498657226562500e+02
4.638432006835937500e+02 7.440908813476562500e+02
5.073726196289062500e+02 7.306228637695312500e+02
5.302745971679687500e+02 7.347089233398437500e+02
5.522747192382812500e+02 7.315444946289062500e+02
5.880988159179687500e+02 7.446849365234375000e+02
6.167725219726562500e+02 7.650444946289062500e+02
5.856852416992187500e+02 7.828477172851562500e+02
5.591130981445312500e+02 7.945170288085937500e+02
5.279917602539062500e+02 7.964157714843750000e+02
4.951901245117187500e+02 7.929072875976562500e+02
4.628973999023437500e+02 7.802213745117187500e+02
4.286155395507812500e+02 7.620020141601562500e+02
4.982366333007812500e+02 7.551381835937500000e+02
5.278038940429687500e+02 7.554895019531250000e+02
5.536641235351562500e+02 7.553753051757812500e+02
6.099242553710937500e+02 7.631293334960937500e+02
5.541187133789062500e+02 7.617103881835937500e+02
5.266450805664062500e+02 7.638453979492187500e+02
4.975803222656250000e+02 7.609479370117187500e+02
